1
4
5
6
7
8
9
10
11
12
13
14
15
16
17
18
19
20
23
24
25
26
27
28
29
30
31
32
33
34
35
36
38
39
40
41
42
45
46
47
50
52
54
55
56
57
58
59
60
62
64
65
66
70
71
72
73
74
75
76
77
78
80
82
83
84
85
86
87
88
89
90
91
92
93
94
96
97
98
99
102
103
104
105
106
107
108
109
110
111
113
114
115
116
121
122
124
126
127
128
129
131
132
135
136
137
138
139
140
141
142
143
144
147
148
149
150
151
152
153
156
157
158
159
160
161
162
163
164
165
166
167
168
169
170
171
173
174
175
177
178
180
183
185
188
189
194
197
198
199
200
204
206
207
208
209
210
211
212
213
214
215
216
217
218
219
220
222
223
225
226
227
228
231
232
236
239
241
242
246
247
248
250
251
252
254
255
258
259
260
261
262
263
264
266
267
268
269
270
272
273
274
275
276
277
278
279
280
282
283
284
287
288
289
290
291
292
293
296
297
298
301
305
306
307
313
315
316
317
318
319
324
325
326
327
328
340
341
342
343
344
345
347
348
349
350
351
352
353
354
355
356
358
359
360
361
362
363
365
366
367
368
369
370
371
372
373
374
375
376
377
378
379
380
381
382
383
384
385
386
387
388
389
390
391
392
393
394
395
396
397
398
404
405
406
411
412
415
416
417
418
419
421
425
426
427
428
430
431
433
434
435
436
438
442
443
444
445
446
447
448
449
450
451
452
453
454
455
456
457
458
459
460
461
462
463
464
465
466
468
469
470
471
472
473
4307
4308
4309
4310
4311
4312
4313
4314
4315
4316
4317
4318
4319
4320
4321
4322
4323
4324
4325
4327
4328
4329
4330
4331
4332
4333
4334
4335
4336
4337
4338
4339
4340
4341
4342
4343
4344
4346
4348
4349
4351
4352
4353
4354
4355
4356
4357
4358
5001
5002
5003
5004
5005
5007
5008
5009
5010
5012
5013
5014
5015
5016
5017
5020
5021
5025
5027
5028
5029
5030
5031
5033
5034
5035
5039
5041
5042
5043
5044
5045
5046
5047
5048
5049
5050
5051
5052
5054
5055
5056
5057
5058
5059
5061
5062
5063
5064
5066
5067
5069
5070
5074
5076
5077
5078
5081
5082
5085
5086
5087
5088
5089
5090
5092
5105
5106
5107
5108
5109
5110
5111
5112
5113
5115
5116
5117
5118
5119
5120
5126
5127
5129
5130
5132
5133
5134
5135
5137
5139
5141
5142
5143
5144
5145
5146
5147
5148
5149
5151
5152
5153
5155
5156
5159
5160
5161
5162
5163
5164
5165
5166
5167
5169
5170
5172
5173
5174
5175
5178
5179
5180
5181
5182
5183
5185
5186
5187
5188
5189
5190
5191
5192
5195
5196
5197
5198
5199
5200
5201
5202
5204
5205
5206
5207
5208
5210
5211
5212
5213
5214
5215
5216
5217
5218
5219
5220
5221
5222
5223
5224
5225
5229
5230
5231
5233
5234
5235
5239
5242
5244
5246
5247
5250
5252
5253
5255
5256
5258
5266
5268
5270
5271
5273
5274
5276
5278
5280
5281
5282
5283
5284
5285
5287
5288
5289
5290
5292
5293
5296
5297
5298
5299
5300
5301
5302
5303
5304
5305
5306
5307
5308
5309
5310
5311
5312
5313
5314
5315
5316
5317
5318
5319
5320
5321
5322
5323
5324
5325
5326
5327
5328
5329
5330
5331
5332
5333
5334
5335
5336
5337
5338
5339
5340
5341
5342
5343
5345
5346
5347
5348
5349
5350
5351
5353
5354
5355
5356
5357
5358
5360
5361
5362
5367
5368
5369
5371
5372
5373
5374
5375
5381
5384
5385
5386
5388
5389
5390
5393
5394
5395
5396
5397
5398
5400
5401
5403
5404
5405
5406
5407
5408
5409
5411
5412
5413
5414
5415
5416
5417
5418
5419
5420
5425
5426
5427
5428
5430
5431
5434
5435
5436
5437
5438
5439
5440
5441
5442
5443
5444
5445
5447
5448
5449
5450
5451
5452
5453
5454
5455
5458
5462
5463
5464
5465
5466
5468
5469
5470
5471
5474
5475
5476
5477
5478
5480
5481
5482
5483
5511
5512
5515
5516
5517
5518
5519
5520
5521
5522
5523
5524
5525
5526
5527
5528
5529
5530
5531
5532
5533
5534
5535
5536
5537
5538
5539
5540
5541
5542
5543
5544
5545
5546
5547
5548
5549
5550
5551
5552
5553
5554
5555
5556
5557
5558
5559
5560
5561
5562
5563
5564
5565
5566
5569
5570
5572
5573
5574
5595
5600
5601
5603
5604
5605
5606
5607
5608
5609
5610
5611
5612
5613
5616
5617
5618
5620
5621
5622
5623
5624
5625
5626
5627
5628
5629
5630
5631
5632
5633
5635
5636
5638
5639
5640
5643
5644
5645
5646
5647
5648
5650
5651
5652
5653
5654
5655
5656
5658
5659
5660
5661
5662
5663
5664
5665
5666
5667
5668
5669
5670
5671
5672
5673
5674
5675
5676
5677
5679
5680
5682
5683
5684
5685
5687
5688
5689
5690
5691
5692
5693
5694
5695
5696
5697
5698
5699
5700
5701
5702
5703
5704
5705
5706
5707
5708
5709
5710
5711
5712
5714
5715
5716
5717
5718
5719
5720
5721
5722
5723
5724
5725
5726
5727
5729
5730
5731
5732
5733
5734
5735
5736
5737
5738
5739
5740
5741
5742
5743
5744
5745
5746
5747
5748
5749
5750
5753
5755
5756
5757
5758
5759
5760
5761
5762
5763
5764
5765
5766
5767
5768
5769
5770
5771
5772
5773
5775
5776
5777
5778
5780
5781
5782
5783
5784
5785
5786
5787
5788
5789
5790
5791
5793
5794
5795
5796
5797
5798
5799
5800
5801
5802
5803
5804
5805
5807
5808
5809
5810
5811
5812
5814
5815
5816
5817
5818
5819
5820
5821
5822
5823
5824
5825
5826
5827
5828
5829
5830
5831
5832
5833
5834
5835
5836
5837
5838
5839
5840
5841
5842
5843
5844
5845
5846
5848
5849
5850
5851
5852
5853
5854
5855
5856
5857
5858
5859
5860
5862
5863
5864
5865
5866
5867
5868
5869
5870
5871
5872
5873
5874
5875
5876
5877
5878
5879
5880
5881
5882
5883
5884
5885
5886
5887
5888
5889
5890
5891
5892
5893
5894
5895
5896
5897
5898
5900
5901
5902